1638261380.000
1638261380.500
1638261382.000
1638261382.500
1638261383.000
1638261383.500
1638261384.000
1638261385.000
1638261385.500
1638261386.000
1638261386.500
1638261387.500
1638261388.000
1638261388.500
1638261389.000
1638261389.500
1638261390.500
1638261391.000
1638261391.500
1638261392.000
1638261392.500
1638261393.000
1638261393.500
1638261394.000
1638261394.500
1638261395.000
1638261395.500
1638261396.000
1638261396.500
1638261397.000
1638261398.000
1638261398.500
1638261399.000
1638261399.500
