1638257920.000
1638257920.500
1638257921.000
1638257921.500
1638257922.500
1638257923.000
1638257923.500
1638257924.000
1638257924.500
1638257925.500
1638257926.000
1638257926.500
1638257927.000
1638257927.500
1638257928.000
1638257928.500
1638257929.000
1638257929.500
1638257930.000
1638257931.000
1638257931.500
1638257932.500
1638257933.000
1638257933.500
1638257934.000
1638257934.500
1638257935.000
1638257935.500
1638257936.000
1638257936.500
1638257937.000
1638257937.500
1638257938.000
1638257938.500
1638257939.000
1638257939.500
