1632814940.000
1632814941.500
1632814942.000
1632814942.500
1632814943.000
1632814943.500
1632814944.000
1632814944.500
1632814945.000
1632814945.500
1632814946.000
1632814947.000
1632814947.500
1632814948.000
1632814948.500
1632814949.000
1632814949.500
1632814950.000
1632814950.500
1632814951.000
1632814951.500
1632814952.000
1632814953.000
1632814953.500
1632814954.000
1632814954.500
1632814955.000
1632814955.500
1632814956.000
1632814956.500
1632814957.000
1632814957.500
1632814958.500
1632814959.000
1632814959.500
