1635926280.000
1635926280.500
1635926281.000
1635926281.500
1635926282.000
1635926282.500
1635926283.000
1635926283.500
1635926284.000
1635926284.500
1635926285.000
1635926285.500
1635926286.500
1635926287.000
1635926287.500
1635926288.000
1635926288.500
1635926289.500
1635926290.000
1635926290.500
1635926291.000
1635926292.000
1635926292.500
1635926293.000
1635926293.500
1635926294.000
1635926294.500
1635926295.000
1635926295.500
1635926296.000
1635926296.500
1635926297.000
1635926297.500
1635926298.000
1635926298.500
1635926299.000
1635926299.500
