1632798480.000
1632798480.500
1632798481.000
1632798481.500
1632798482.000
1632798483.000
1632798483.500
1632798484.000
1632798484.500
1632798485.000
1632798485.500
1632798486.500
1632798487.000
1632798488.500
1632798489.000
1632798489.500
1632798490.000
1632798491.000
1632798491.500
1632798492.000
1632798492.500
1632798493.000
1632798493.500
1632798494.500
1632798495.000
1632798495.500
1632798496.000
1632798496.500
1632798497.000
1632798497.500
1632798498.000
1632798498.500
1632798499.000
1632798499.500
