1637306810.000
1637306810.500
1637306811.000
1637306811.500
1637306812.000
1637306812.500
1637306813.000
1637306813.500
1637306814.000
1637306814.500
1637306815.000
1637306815.500
1637306816.000
1637306816.500
1637306817.500
1637306818.000
1637306818.500
1637306819.500
1637306820.000
1637306820.500
1637306821.000
1637306821.500
1637306822.000
1637306822.500
1637306823.000
1637306823.500
1637306824.000
1637306824.500
1637306825.000
1637306825.500
1637306826.000
1637306826.500
1637306827.500
1637306829.000
