1635923940.000
1635923941.500
1635923942.000
1635923942.500
1635923943.000
1635923943.500
1635923944.000
1635923944.500
1635923945.000
1635923945.500
1635923946.000
1635923946.500
1635923947.000
1635923947.500
1635923948.500
1635923949.000
1635923949.500
1635923950.000
1635923950.500
1635923951.000
1635923951.500
1635923952.000
1635923952.500
1635923953.000
1635923953.500
1635923954.500
1635923955.000
1635923955.500
1635923956.000
1635923956.500
1635923957.500
1635923958.000
1635923958.500
1635923959.000
