1638255980.000
1638255980.500
1638255981.500
1638255982.000
1638255983.000
1638255983.500
1638255984.000
1638255984.500
1638255985.500
1638255986.000
1638255986.500
1638255987.500
1638255988.000
1638255989.500
1638255990.000
1638255990.500
1638255991.000
1638255991.500
1638255992.000
1638255992.500
1638255993.000
1638255993.500
1638255994.000
1638255994.500
1638255995.000
1638255995.500
1638255996.000
1638255996.500
1638255997.000
1638255997.500
1638255998.000
1638255998.500
1638255999.000
1638255999.500
