1638258000.000
1638258001.000
1638258001.500
1638258002.500
1638258003.000
1638258003.500
1638258004.000
1638258004.500
1638258005.000
1638258005.500
1638258006.000
1638258007.000
1638258008.000
1638258008.500
1638258009.000
1638258009.500
1638258010.500
1638258011.000
1638258011.500
1638258012.000
1638258012.500
1638258013.000
1638258013.500
1638258014.000
1638258014.500
1638258015.000
1638258015.500
1638258016.000
1638258016.500
1638258017.000
1638258017.500
1638258018.500
1638258019.000
1638258019.500
