1635410400.000
1635410400.500
1635410401.000
1635410401.500
1635410402.000
1635410402.500
1635410403.000
1635410403.500
1635410404.500
1635410405.000
1635410405.500
1635410406.500
1635410407.000
1635410407.500
1635410408.000
1635410408.500
1635410409.000
1635410409.500
1635410410.000
1635410410.500
1635410411.500
1635410412.500
1635410413.000
1635410413.500
1635410414.000
1635410414.500
1635410415.000
1635410415.500
1635410416.000
1635410416.500
1635410417.000
1635410418.500
1635410419.000
1635410419.500
