1637292960.000
1637292961.000
1637292961.500
1637292962.000
1637292962.500
1637292963.000
1637292963.500
1637292964.000
1637292964.500
1637292965.000
1637292965.500
1637292966.000
1637292966.500
1637292967.000
1637292967.500
1637292968.000
1637292968.500
1637292969.000
1637292969.500
1637292970.000
1637292970.500
1637292971.000
1637292971.500
1637292972.000
1637292972.500
1637292973.000
1637292973.500
1637292974.000
1637292974.500
1637292975.000
1637292975.500
1637292976.500
1637292977.500
1637292978.000
1637292978.500
1637292979.500
