1632799470.000
1632799470.500
1632799471.500
1632799472.000
1632799472.500
1632799473.000
1632799473.500
1632799474.000
1632799474.500
1632799476.000
1632799477.000
1632799477.500
1632799478.000
1632799478.500
1632799479.000
1632799479.500
1632799480.000
1632799480.500
1632799481.000
1632799481.500
1632799482.000
1632799482.500
1632799483.500
1632799484.000
1632799484.500
1632799485.000
1632799485.500
1632799486.000
1632799486.500
1632799487.000
1632799487.500
1632799488.500
1632799489.000
1632799489.500
