1638256060.000
1638256061.000
1638256061.500
1638256062.000
1638256062.500
1638256063.000
1638256063.500
1638256064.000
1638256064.500
1638256065.000
1638256065.500
1638256066.000
1638256066.500
1638256067.000
1638256067.500
1638256068.500
1638256069.000
1638256069.500
1638256070.000
1638256070.500
1638256071.000
1638256071.500
1638256072.500
1638256073.000
1638256073.500
1638256075.000
1638256076.000
1638256076.500
1638256077.000
1638256077.500
1638256078.000
1638256078.500
1638256079.000
1638256079.500
