1632816220.000
1632816220.500
1632816221.000
1632816221.500
1632816222.000
1632816222.500
1632816223.000
1632816223.500
1632816224.000
1632816225.000
1632816225.500
1632816226.000
1632816226.500
1632816227.000
1632816227.500
1632816228.000
1632816228.500
1632816229.000
1632816229.500
1632816230.000
1632816230.500
1632816231.000
1632816231.500
1632816232.000
1632816232.500
1632816233.000
1632816233.500
1632816234.000
1632816234.500
1632816235.000
1632816235.500
1632816236.000
1632816236.500
1632816237.000
1632816237.500
1632816238.000
1632816238.500
1632816239.000
1632816239.500
