1630376745.500
1630376746.000
1630376746.500
1630376747.500
1630376748.000
1630376748.500
1630376749.000
1630376749.500
1630376750.000
1630376750.500
1630376751.500
1630376752.000
1630376752.500
1630376753.000
1630376754.000
1630376755.000
1630376755.500
1630376756.000
1630376756.500
1630376757.000
1630376757.500
1630376758.000
1630376758.500
1630376759.000
1630376759.500
1630376760.000
1630376760.500
1630376761.000
1630376761.500
1630376762.000
1630376762.500
1630376763.000
1630376763.500
1630376764.000
1630376764.500
