1635385460.500
1635385461.000
1635385461.500
1635385462.000
1635385463.000
1635385463.500
1635385464.000
1635385464.500
1635385465.000
1635385465.500
1635385466.000
1635385466.500
1635385467.000
1635385467.500
1635385468.000
1635385468.500
1635385469.000
1635385469.500
1635385470.000
1635385471.500
1635385472.000
1635385472.500
1635385473.000
1635385473.500
1635385474.000
1635385474.500
1635385475.000
1635385475.500
1635385476.000
1635385476.500
1635385477.000
1635385477.500
1635385478.000
1635385478.500
1635385479.000
1635385479.500
