1632970400.000
1632970400.500
1632970402.000
1632970402.500
1632970403.000
1632970403.500
1632970404.000
1632970404.500
1632970405.000
1632970405.500
1632970406.000
1632970406.500
1632970407.000
1632970407.500
1632970408.000
1632970408.500
1632970409.000
1632970410.000
1632970410.500
1632970411.000
1632970411.500
1632970412.000
1632970412.500
1632970413.000
1632970413.500
1632970414.000
1632970414.500
1632970415.000
1632970416.000
1632970416.500
1632970417.000
1632970417.500
1632970418.000
1632970418.500
