1638254730.000
1638254730.500
1638254731.000
1638254732.000
1638254733.000
1638254733.500
1638254734.000
1638254735.000
1638254735.500
1638254736.000
1638254736.500
1638254737.000
1638254737.500
1638254738.000
1638254738.500
1638254739.000
1638254739.500
1638254740.000
1638254740.500
1638254741.000
1638254741.500
1638254742.500
1638254743.000
1638254743.500
1638254744.500
1638254745.000
1638254745.500
1638254746.000
1638254746.500
1638254747.000
1638254747.500
1638254748.500
1638254749.000
1638254749.500
