1632795880.000
1632795880.500
1632795881.000
1632795881.500
1632795882.000
1632795882.500
1632795883.000
1632795883.500
1632795884.000
1632795884.500
1632795885.000
1632795886.000
1632795886.500
1632795887.000
1632795887.500
1632795888.500
1632795889.000
1632795889.500
1632795890.000
1632795890.500
1632795891.000
1632795891.500
1632795892.000
1632795892.500
1632795893.000
1632795894.000
1632795894.500
1632795895.000
1632795895.500
1632795896.000
1632795896.500
1632795897.500
1632795898.000
1632795898.500
