1632798680.000
1632798680.500
1632798681.000
1632798682.000
1632798682.500
1632798683.000
1632798683.500
1632798684.000
1632798684.500
1632798685.000
1632798685.500
1632798686.000
1632798686.500
1632798687.000
1632798688.000
1632798688.500
1632798689.000
1632798689.500
1632798690.000
1632798691.500
1632798692.000
1632798693.000
1632798693.500
1632798694.000
1632798694.500
1632798695.000
1632798695.500
1632798696.000
1632798696.500
1632798697.000
1632798697.500
1632798698.000
1632798698.500
1632798699.500
